xof 0303txt 0032
template ColorRGBA {
 <35ff44e0-6c7c-11cf-8f52-0040333594a3>
 FLOAT red;
 FLOAT green;
 FLOAT blue;
 FLOAT alpha;
}

template ColorRGB {
 <d3e16e81-7835-11cf-8f52-0040333594a3>
 FLOAT red;
 FLOAT green;
 FLOAT blue;
}

template Material {
 <3d82ab4d-62da-11cf-ab39-0020af71e433>
 ColorRGBA faceColor;
 FLOAT power;
 ColorRGB specularColor;
 ColorRGB emissiveColor;
 [...]
}

template TextureFilename {
 <a42790e1-7810-11cf-8f52-0040333594a3>
 STRING filename;
}

template Frame {
 <3d82ab46-62da-11cf-ab39-0020af71e433>
 [...]
}

template Matrix4x4 {
 <f6f23f45-7686-11cf-8f52-0040333594a3>
 array FLOAT matrix[16];
}

template FrameTransformMatrix {
 <f6f23f41-7686-11cf-8f52-0040333594a3>
 Matrix4x4 frameMatrix;
}

template Vector {
 <3d82ab5e-62da-11cf-ab39-0020af71e433>
 FLOAT x;
 FLOAT y;
 FLOAT z;
}

template MeshFace {
 <3d82ab5f-62da-11cf-ab39-0020af71e433>
 DWORD nFaceVertexIndices;
 array DWORD faceVertexIndices[nFaceVertexIndices];
}

template Mesh {
 <3d82ab44-62da-11cf-ab39-0020af71e433>
 DWORD nVertices;
 array Vector vertices[nVertices];
 DWORD nFaces;
 array MeshFace faces[nFaces];
 [...]
}

template MeshNormals {
 <f6f23f43-7686-11cf-8f52-0040333594a3>
 DWORD nNormals;
 array Vector normals[nNormals];
 DWORD nFaceNormals;
 array MeshFace faceNormals[nFaceNormals];
}

template MeshMaterialList {
 <f6f23f42-7686-11cf-8f52-0040333594a3>
 DWORD nMaterials;
 DWORD nFaceIndexes;
 array DWORD faceIndexes[nFaceIndexes];
 [Material <3d82ab4d-62da-11cf-ab39-0020af71e433>]
}

template Coords2d {
 <f6f23f44-7686-11cf-8f52-0040333594a3>
 FLOAT u;
 FLOAT v;
}

template MeshTextureCoords {
 <f6f23f40-7686-11cf-8f52-0040333594a3>
 DWORD nTextureCoords;
 array Coords2d textureCoords[nTextureCoords];
}

template XSkinMeshHeader {
 <3cf169ce-ff7c-44ab-93c0-f78f62d172e2>
 WORD nMaxSkinWeightsPerVertex;
 WORD nMaxSkinWeightsPerFace;
 WORD nBones;
}

template SkinWeights {
 <6f0d123b-bad2-4167-a0d0-80224f25fabb>
 STRING transformNodeName;
 DWORD nWeights;
 array DWORD vertexIndices[nWeights];
 array FLOAT weights[nWeights];
 Matrix4x4 matrixOffset;
}

template AnimTicksPerSecond {
 <9e415a43-7ba6-4a73-8743-b73d47e88476>
 DWORD AnimTicksPerSecond;
}

template Animation {
 <3d82ab4f-62da-11cf-ab39-0020af71e433>
 [...]
}

template AnimationSet {
 <3d82ab50-62da-11cf-ab39-0020af71e433>
 [Animation <3d82ab4f-62da-11cf-ab39-0020af71e433>]
}

template FloatKeys {
 <10dd46a9-775b-11cf-8f52-0040333594a3>
 DWORD nValues;
 array FLOAT values[nValues];
}

template TimedFloatKeys {
 <f406b180-7b3b-11cf-8f52-0040333594a3>
 DWORD time;
 FloatKeys tfkeys;
}

template AnimationKey {
 <10dd46a8-775b-11cf-8f52-0040333594a3>
 DWORD keyType;
 DWORD nKeys;
 array TimedFloatKeys keys[nKeys];
}


Material Popori_F_H16_Body_MI {
 1.000000;1.000000;1.000000;1.000000;;
 10.000000;
 0.000000;0.000000;0.000000;;
 0.000000;0.000000;0.000000;;

 TextureFilename {
  "Popori_F_H16_Body_diff.tga";
 }
}

Material Popori_F_H16_Hand_MI {
 1.000000;1.000000;1.000000;1.000000;;
 10.000000;
 0.000000;0.000000;0.000000;;
 0.000000;0.000000;0.000000;;

 TextureFilename {
  "Popori_F_H16_Hand_diff.tga";
 }
}

Material Popori_F_H16_Leg_MI {
 1.000000;1.000000;1.000000;1.000000;;
 10.000000;
 0.000000;0.000000;0.000000;;
 0.000000;0.000000;0.000000;;

 TextureFilename {
  "Popori_F_H16_Leg_diff.tga";
 }
}

Frame Dummy_root {
 

 FrameTransformMatrix {
  1.000000,0.000001,0.000000,0.000000,-0.000001,1.000000,-0.000000,0.000000,0.000000,0.000000,1.000000,0.000000,-0.001139,0.488952,0.000000,1.000000;;
 }

 Frame Bip01 {
  

  FrameTransformMatrix {
   0.889406,0.113584,0.442781,0.000000,-0.062205,0.989700,-0.128933,0.000000,-0.452866,0.087131,0.887311,0.000000,0.001139,-0.012217,-0.012061,1.000000;;
  }

  Frame Bip01-Pelvis {
   

   FrameTransformMatrix {
    0.000061,0.000061,-1.000000,0.000000,-1.000000,0.000061,-0.000061,0.000000,0.000061,1.000000,0.000061,0.000000,0.000000,0.000000,0.000000,1.000000;;
   }

   Frame Bip01-Spine {
    

    FrameTransformMatrix {
     1.000000,0.000000,0.000793,0.000000,0.000000,1.000000,-0.000000,0.000000,-0.000794,-0.000000,1.000000,0.000000,-0.016056,0.000000,0.047705,1.000000;;
    }

    Frame Bip01-Spine1 {
     

     FrameTransformMatrix {
      0.955950,-0.005327,0.293483,0.000000,0.006142,0.999980,-0.001856,0.000000,-0.293468,0.003577,0.955963,0.000000,0.000040,-0.000000,0.002867,1.000000;;
     }

     Frame Bip01-Spine2 {
      

      FrameTransformMatrix {
       0.987529,0.067073,-0.142439,0.000000,-0.063371,0.997528,0.030378,0.000000,0.144124,-0.020972,0.989338,0.000000,0.000020,0.000000,0.050049,1.000000;;
      }

      Frame Bip01-Spine3 {
       

       FrameTransformMatrix {
        0.996570,0.061120,-0.055791,0.000000,-0.056614,0.995262,0.079046,0.000000,0.060358,-0.075617,0.995309,0.000000,0.000071,-0.000000,0.025044,1.000000;;
       }

       Frame Bip01-Neck {
        

        FrameTransformMatrix {
         0.829389,-0.043994,0.556936,0.000000,-0.062241,0.983412,0.170373,0.000000,-0.555193,-0.175969,0.812893,0.000000,0.015626,-0.000000,0.097508,1.000000;;
        }

        Frame Bip01-Head {
         

         FrameTransformMatrix {
          0.892189,0.213808,-0.397850,0.000000,-0.200053,0.976808,0.076320,0.000000,0.404941,0.011499,0.914271,0.000000,-0.000000,0.000000,0.061389,1.000000;;
         }

         Frame Bip01-HeadNub {
          

          FrameTransformMatrix {
           1.000000,0.000000,-0.000000,0.000000,0.000000,1.000000,0.000000,0.000000,-0.000000,0.000000,1.000000,0.000000,-0.000000,0.000000,0.097510,1.000000;;
          }
         }

         Frame FxTop {
          

          FrameTransformMatrix {
           0.082293,-0.993422,0.079623,0.000000,0.202384,0.094888,0.974699,0.000000,-0.975842,-0.064096,0.208862,0.000000,-0.007644,-0.000909,0.093973,1.000000;;
          }
         }
        }

        Frame Bip01-L-Clavicle {
         

         FrameTransformMatrix {
          -0.826888,0.197979,0.526365,0.000000,0.561716,0.335759,0.756135,0.000000,-0.027033,0.920907,-0.388844,0.000000,-0.001029,0.013607,-0.002170,1.000000;;
         }

         Frame Bip01-L-UpperArm {
          

          FrameTransformMatrix {
           0.966555,0.160280,0.200204,0.000000,-0.190791,0.971056,0.143699,0.000000,-0.171377,-0.177090,0.969159,0.000000,0.000000,0.000000,0.036899,1.000000;;
          }

          Frame Bip01-L-Forearm {
           

           FrameTransformMatrix {
            -0.185650,0.000000,-0.982616,0.000000,-0.000000,1.000000,0.000000,0.000000,0.982616,-0.000000,-0.185651,0.000000,0.000000,-0.000000,0.117205,1.000000;;
           }

           Frame Bip01-L-Hand {
            

            FrameTransformMatrix {
             -0.949794,0.275480,0.148328,0.000000,-0.280071,-0.959921,-0.010588,0.000000,0.139466,-0.051599,0.988882,0.000000,-0.000000,0.000000,0.102697,1.000000;;
            }

            Frame Bip01-L-Finger0 {
             

             FrameTransformMatrix {
              0.217880,-0.830403,-0.512796,0.000000,0.785547,-0.162590,0.597060,0.000000,-0.579176,-0.532913,0.616895,0.000000,-0.008162,-0.007483,0.007141,1.000000;;
             }

             Frame Bip01-L-Finger01 {
              

              FrameTransformMatrix {
               0.702839,-0.000000,0.711349,0.000000,-0.000000,1.000000,-0.000000,0.000000,-0.711349,-0.000000,0.702839,0.000000,-0.000000,0.000000,0.025971,1.000000;;
              }

              Frame Bip01-L-Finger02 {
               

               FrameTransformMatrix {
                0.619767,0.000000,0.784786,0.000000,-0.000000,1.000000,-0.000000,0.000000,-0.784786,-0.000000,0.619767,0.000000,-0.000000,-0.000000,0.022111,1.000000;;
               }

               Frame Bip01-L-Finger0Nub {
                

                FrameTransformMatrix {
                 1.000000,-0.000000,0.000000,0.000000,-0.000000,1.000000,0.000000,0.000000,0.000000,-0.000000,1.000000,0.000000,0.000000,0.000000,0.019763,1.000000;;
                }
               }
              }
             }
            }

            Frame Bip01-L-Finger1 {
             

             FrameTransformMatrix {
              0.695766,-0.256716,0.670825,0.000000,0.031951,0.944085,0.328150,0.000000,-0.717557,-0.206882,0.665065,0.000000,0.002745,-0.015870,0.052665,1.000000;;
             }

             Frame Bip01-L-Finger11 {
              

              FrameTransformMatrix {
               0.870733,-0.000000,0.491756,0.000000,-0.000000,1.000000,0.000000,0.000000,-0.491756,-0.000000,0.870733,0.000000,-0.000000,0.000000,0.018231,1.000000;;
              }

              Frame Bip01-L-Finger12 {
               

               FrameTransformMatrix {
                0.678454,0.000000,0.734643,0.000000,-0.000000,1.000000,0.000000,0.000000,-0.734643,-0.000000,0.678453,0.000000,-0.000000,0.000000,0.011558,1.000000;;
               }

               Frame Bip01-L-Finger1Nub {
                

                FrameTransformMatrix {
                 1.000000,0.000000,-0.000000,0.000000,0.000000,1.000000,0.000000,0.000000,-0.000000,-0.000000,1.000000,0.000000,-0.000000,0.000000,0.017295,1.000000;;
                }
               }
              }
             }
            }

            Frame Bip01-L-Finger2 {
             

             FrameTransformMatrix {
              0.514044,0.000409,0.857764,0.000000,-0.000796,1.000000,0.000000,0.000000,-0.857763,-0.000683,0.514044,0.000000,0.003587,-0.003859,0.053360,1.000000;;
             }

             Frame Bip01-L-Finger21 {
              

              FrameTransformMatrix {
               0.669503,-0.000000,0.742809,0.000000,0.000000,1.000000,-0.000000,0.000000,-0.742809,0.000000,0.669503,0.000000,-0.000000,0.000000,0.021328,1.000000;;
              }

              Frame Bip01-L-Finger22 {
               

               FrameTransformMatrix {
                0.660489,0.000000,0.750836,0.000000,-0.000000,1.000000,0.000000,0.000000,-0.750836,-0.000000,0.660489,0.000000,-0.000000,0.000000,0.014467,1.000000;;
               }

               Frame Bip01-L-Finger2Nub {
                

                FrameTransformMatrix {
                 1.000000,-0.000000,0.000000,0.000000,-0.000000,1.000000,-0.000000,0.000000,0.000000,0.000000,1.000000,0.000000,-0.000000,-0.000000,0.018153,1.000000;;
                }
               }
              }
             }
            }

            Frame Bip01-L-Finger3 {
             

             FrameTransformMatrix {
              0.229351,0.273393,0.934159,0.000000,0.009416,0.959075,-0.282997,0.000000,-0.973298,0.073702,0.217391,0.000000,0.003895,0.008031,0.052878,1.000000;;
             }

             Frame Bip01-L-Finger31 {
              

              FrameTransformMatrix {
               0.862893,0.000000,0.505388,0.000000,0.000000,1.000000,-0.000000,0.000000,-0.505388,0.000000,0.862893,0.000000,-0.000000,-0.000000,0.020684,1.000000;;
              }

              Frame Bip01-L-Finger32 {
               

               FrameTransformMatrix {
                0.326437,-0.000000,0.945219,0.000000,-0.000000,1.000000,0.000000,0.000000,-0.945219,-0.000000,0.326437,0.000000,-0.000000,0.000000,0.015560,1.000000;;
               }

               Frame Bip01-L-Finger3Nub {
                

                FrameTransformMatrix {
                 1.000000,0.000000,0.000000,0.000000,0.000000,1.000000,-0.000000,0.000000,-0.000000,0.000000,1.000000,0.000000,-0.000000,-0.000000,0.016652,1.000000;;
                }
               }
              }
             }
            }

            Frame Bip01-L-Finger4 {
             

             FrameTransformMatrix {
              0.570759,0.364532,0.735765,0.000000,-0.017476,0.901243,-0.432961,0.000000,-0.820931,0.234259,0.520763,0.000000,-0.001725,0.020933,0.049006,1.000000;;
             }

             Frame Bip01-L-Finger41 {
              

              FrameTransformMatrix {
               0.497168,0.000000,0.867654,0.000000,0.000000,1.000000,-0.000000,0.000000,-0.867654,0.000000,0.497168,0.000000,0.000000,0.000000,0.014376,1.000000;;
              }

              Frame Bip01-L-Finger42 {
               

               FrameTransformMatrix {
                0.971277,-0.000000,0.237954,0.000000,-0.000000,1.000000,-0.000000,0.000000,-0.237954,-0.000000,0.971277,0.000000,-0.000000,0.000000,0.008496,1.000000;;
               }

               Frame Bip01-L-Finger4Nub {
                

                FrameTransformMatrix {
                 1.000000,0.000000,-0.000000,0.000000,-0.000000,1.000000,-0.000000,0.000000,0.000000,0.000000,1.000000,0.000000,0.000000,-0.000000,0.014446,1.000000;;
                }
               }
              }
             }
            }

            Frame L_Sword {
             

             FrameTransformMatrix {
              -0.972736,0.049242,-0.226631,0.000000,-0.095947,-0.975096,0.199954,0.000000,-0.211141,0.216247,0.953235,0.000000,0.000000,0.000000,0.000000,1.000000;;
             }
            }

            Frame FxHand00 {
             

             FrameTransformMatrix {
              -0.949794,-0.280071,0.139466,0.000000,0.275480,-0.959921,-0.051599,0.000000,0.148328,-0.010588,0.988882,0.000000,-0.000420,0.000258,-0.002507,1.000000;;
             }
            }
           }

           Frame L_Elbow {
            

            FrameTransformMatrix {
             0.638126,0.000000,0.769932,0.000000,0.000000,1.000000,-0.000000,0.000000,-0.769932,-0.000000,0.638126,0.000000,-0.000000,-0.000000,0.000000,1.000000;;
            }
           }

           Frame L_Shield {
            

            FrameTransformMatrix {
             1.000000,0.000000,0.000000,0.000000,-0.000000,1.000000,-0.000000,0.000000,0.000000,-0.000000,1.000000,0.000000,-0.000000,0.062500,0.062500,1.000000;;
            }
           }

           Frame Bip01-L-ForeTwist {
            

            FrameTransformMatrix {
             0.799955,0.600060,0.000000,0.000000,-0.600060,0.799955,-0.000000,0.000000,-0.000000,-0.000000,1.000000,0.000000,0.000000,0.000000,0.000000,1.000000;;
            }
           }
          }

          Frame L_Shoulder {
           

           FrameTransformMatrix {
            0.981651,-0.169740,-0.086883,0.000000,0.162077,0.982777,-0.088776,0.000000,0.100455,0.073065,0.992255,0.000000,0.000000,-0.000000,0.000000,1.000000;;
           }
          }

          Frame L_Shoulder_Twist {
           

           FrameTransformMatrix {
            0.995279,-0.097056,-0.000000,0.000000,0.097056,0.995279,-0.000000,0.000000,-0.000000,-0.000000,1.000000,0.000000,0.000000,-0.000000,0.035010,1.000000;;
           }
          }
         }
        }

        Frame Bip01-R-Clavicle {
         

         FrameTransformMatrix {
          -0.828351,0.052442,0.557749,0.000000,-0.542693,0.171900,-0.822153,0.000000,-0.138992,-0.983718,-0.113934,0.000000,-0.001029,-0.013607,-0.002171,1.000000;;
         }

         Frame Bip01-R-UpperArm {
          

          FrameTransformMatrix {
           0.144136,-0.930215,-0.337529,0.000000,0.515196,0.361758,-0.776984,0.000000,0.844866,-0.061902,0.531385,0.000000,-0.000000,-0.000000,0.036899,1.000000;;
          }

          Frame Bip01-R-Forearm {
           

           FrameTransformMatrix {
            0.984453,-0.000000,-0.175649,0.000000,0.000000,1.000000,-0.000000,0.000000,0.175649,0.000000,0.984453,0.000000,0.000000,0.000000,0.117205,1.000000;;
           }

           Frame Bip01-R-Hand {
            

            FrameTransformMatrix {
             0.000179,-0.995241,-0.097449,0.000000,0.954382,0.029267,-0.297152,0.000000,0.298590,-0.092950,0.949844,0.000000,-0.000000,0.000000,0.102697,1.000000;;
            }

            Frame Bip01-R-Finger0 {
             

             FrameTransformMatrix {
              0.217880,0.830403,-0.512796,0.000000,-0.751968,-0.192104,-0.630588,0.000000,-0.622152,0.522998,0.582580,0.000000,-0.008162,0.007483,0.007141,1.000000;;
             }

             Frame Bip01-R-Finger01 {
              

              FrameTransformMatrix {
               0.702838,0.000000,0.711350,0.000000,0.000000,1.000000,0.000000,0.000000,-0.711350,-0.000000,0.702838,0.000000,-0.000000,0.000000,0.025971,1.000000;;
              }

              Frame Bip01-R-Finger02 {
               

               FrameTransformMatrix {
                0.619767,0.000000,0.784786,0.000000,0.000000,1.000000,-0.000000,0.000000,-0.784786,0.000000,0.619767,0.000000,-0.000000,0.000000,0.022111,1.000000;;
               }

               Frame Bip01-R-Finger0Nub {
                

                FrameTransformMatrix {
                 -1.000000,0.000000,0.000691,0.000000,0.000000,1.000000,0.000000,0.000000,-0.000691,0.000000,-1.000000,0.000000,0.000000,-0.000000,0.019763,1.000000;;
                }
               }
              }
             }
            }

            Frame Bip01-R-Finger1 {
             

             FrameTransformMatrix {
              0.758534,0.037256,0.650568,0.000000,0.025855,0.995857,-0.087176,0.000000,-0.651121,0.082947,0.754429,0.000000,0.002745,0.015870,0.052665,1.000000;;
             }

             Frame Bip01-R-Finger11 {
              

              FrameTransformMatrix {
               0.414955,0.000000,0.909842,0.000000,-0.000000,1.000000,0.000000,0.000000,-0.909842,-0.000000,0.414955,0.000000,-0.000000,0.000000,0.018231,1.000000;;
              }

              Frame Bip01-R-Finger12 {
               

               FrameTransformMatrix {
                0.935556,0.000000,0.353177,0.000000,-0.000000,1.000000,0.000000,0.000000,-0.353178,0.000000,0.935556,0.000000,-0.000000,0.000000,0.011558,1.000000;;
               }

               Frame Bip01-R-Finger1Nub {
                

                FrameTransformMatrix {
                 -1.000000,0.000000,-0.000690,0.000000,-0.000000,1.000000,-0.000000,0.000000,0.000690,-0.000000,-1.000000,0.000000,-0.000000,0.000000,0.017295,1.000000;;
                }
               }
              }
             }
            }

            Frame Bip01-R-Finger2 {
             

             FrameTransformMatrix {
              0.556542,-0.058671,0.828746,0.000000,0.039364,0.998245,0.044237,0.000000,-0.829886,0.008003,0.557875,0.000000,0.003587,0.003859,0.053360,1.000000;;
             }

             Frame Bip01-R-Finger21 {
              

              FrameTransformMatrix {
               0.522617,0.000000,0.852567,0.000000,-0.000000,1.000000,-0.000000,0.000000,-0.852567,0.000000,0.522617,0.000000,-0.000000,0.000000,0.021327,1.000000;;
              }

              Frame Bip01-R-Finger22 {
               

               FrameTransformMatrix {
                0.546596,-0.000000,0.837396,0.000000,-0.000000,1.000000,-0.000000,0.000000,-0.837396,0.000000,0.546596,0.000000,0.000000,0.000000,0.014467,1.000000;;
               }

               Frame Bip01-R-Finger2Nub {
                

                FrameTransformMatrix {
                 -1.000000,0.000000,0.000691,0.000000,0.000000,1.000000,0.000000,0.000000,-0.000691,-0.000000,-1.000000,0.000000,-0.000000,0.000000,0.018153,1.000000;;
                }
               }
              }
             }
            }

            Frame Bip01-R-Finger3 {
             

             FrameTransformMatrix {
              0.315988,-0.295687,0.901510,0.000000,0.087379,0.955227,0.282678,0.000000,-0.944731,-0.010550,0.327677,0.000000,0.003895,-0.008031,0.052878,1.000000;;
             }

             Frame Bip01-R-Finger31 {
              

              FrameTransformMatrix {
               0.664461,0.000000,0.747323,0.000000,-0.000000,1.000000,-0.000000,0.000000,-0.747323,-0.000000,0.664461,0.000000,0.000000,0.000000,0.020684,1.000000;;
              }

              Frame Bip01-R-Finger32 {
               

               FrameTransformMatrix {
                0.609461,0.000000,0.792816,0.000000,-0.000000,1.000000,-0.000000,0.000000,-0.792816,0.000000,0.609461,0.000000,-0.000000,-0.000000,0.015560,1.000000;;
               }

               Frame Bip01-R-Finger3Nub {
                

                FrameTransformMatrix {
                 -1.000000,0.000000,0.000691,0.000000,0.000000,1.000000,0.000000,0.000000,-0.000691,0.000000,-1.000000,0.000000,-0.000000,0.000000,0.016652,1.000000;;
                }
               }
              }
             }
            }

            Frame Bip01-R-Finger4 {
             

             FrameTransformMatrix {
              0.143006,-0.251039,0.957355,0.000000,0.092423,0.966458,0.239620,0.000000,-0.985397,0.054215,0.161411,0.000000,-0.001725,-0.020933,0.049006,1.000000;;
             }

             Frame Bip01-R-Finger41 {
              

              FrameTransformMatrix {
               0.821554,0.000000,0.570131,0.000000,-0.000000,1.000000,-0.000000,0.000000,-0.570131,-0.000000,0.821554,0.000000,-0.000000,-0.000000,0.014376,1.000000;;
              }

              Frame Bip01-R-Finger42 {
               

               FrameTransformMatrix {
                0.679199,-0.000000,0.733954,0.000000,0.000000,1.000000,0.000000,0.000000,-0.733954,0.000000,0.679199,0.000000,0.000000,0.000000,0.008496,1.000000;;
               }

               Frame Bip01-R-Finger4Nub {
                

                FrameTransformMatrix {
                 -1.000000,0.000000,-0.000690,0.000000,0.000000,1.000000,0.000000,0.000000,0.000690,-0.000000,-1.000000,0.000000,0.000000,0.000000,0.014446,1.000000;;
                }
               }
              }
             }
            }

            Frame R_Sword {
             

             FrameTransformMatrix {
              0.984883,-0.000973,0.173216,0.000000,-0.034466,0.978888,0.201470,0.000000,-0.169755,-0.204394,0.964057,0.000000,0.000000,0.000000,0.000000,1.000000;;
             }
            }

            Frame FxHand01 {
             

             FrameTransformMatrix {
              0.000179,0.954382,0.298590,0.000000,-0.995241,0.029267,-0.092950,0.000000,-0.097449,-0.297152,0.949845,0.000000,-0.000420,-0.000257,-0.002507,1.000000;;
             }
            }
           }

           Frame R_Elbow {
            

            FrameTransformMatrix {
             0.996105,0.000000,0.088174,0.000000,0.000000,1.000000,-0.000000,0.000000,-0.088174,-0.000000,0.996105,0.000000,-0.000000,-0.000000,-0.000000,1.000000;;
            }
           }

           Frame Bip01-R-ForeTwist {
            

            FrameTransformMatrix {
             0.999884,0.015259,-0.000000,0.000000,-0.015259,0.999884,-0.000000,0.000000,-0.000000,-0.000000,1.000000,0.000000,0.000000,0.000000,0.000000,1.000000;;
            }
           }
          }

          Frame R_Shoulder {
           

           FrameTransformMatrix {
            0.384047,0.782823,0.489588,0.000000,-0.896245,0.443518,-0.006119,0.000000,-0.221932,-0.436441,0.871932,0.000000,-0.000000,0.000000,0.000000,1.000000;;
           }
          }

          Frame R_Shoulder_Twist {
           

           FrameTransformMatrix {
            0.810281,0.586042,-0.000000,0.000000,-0.586042,0.810281,-0.000000,0.000000,-0.000000,0.000000,1.000000,0.000000,0.000000,0.000000,0.035011,1.000000;;
           }
          }
         }
        }
       }
      }

      Frame FxCenter {
       

       FrameTransformMatrix {
        0.382567,-0.916771,-0.114780,0.000000,0.059828,-0.099389,0.993249,0.000000,-0.921989,-0.386851,0.016826,0.000000,-0.000152,-0.000909,0.012732,1.000000;;
       }
      }

      Frame Weapon_Back {
       

       FrameTransformMatrix {
        0.999872,0.000004,0.016020,0.000000,-0.000006,-1.000000,0.000595,0.000000,0.016020,-0.000595,-0.999871,0.000000,0.071238,-0.003012,0.075851,1.000000;;
       }
      }
     }
    }

    Frame Bip01-L-Thigh {
     

     FrameTransformMatrix {
      0.901283,0.411980,-0.134022,0.000000,0.260426,-0.762430,-0.592351,0.000000,-0.346219,0.498973,-0.794455,0.000000,0.016018,0.041494,-0.047718,1.000000;;
     }

     Frame Bip01-L-Calf {
      

      FrameTransformMatrix {
       0.551027,0.000000,-0.834487,0.000000,-0.000000,1.000000,0.000000,0.000000,0.834487,0.000000,0.551028,0.000000,-0.000000,-0.000000,0.215237,1.000000;;
      }

      Frame Bip01-L-Foot {
       

       FrameTransformMatrix {
        0.695040,-0.200420,0.690471,0.000000,0.459872,0.862144,-0.212665,0.000000,-0.552663,0.465339,0.691392,0.000000,0.000000,0.000000,0.206229,1.000000;;
       }

       Frame Bip01-L-Toe0 {
        

        FrameTransformMatrix {
         -0.000315,0.012106,0.999927,0.000000,-0.017344,0.999776,-0.012110,0.000000,-0.999849,-0.017346,-0.000105,0.000000,-0.034436,0.000000,0.056746,1.000000;;
        }

        Frame Bip01-L-Toe0Nub {
         

         FrameTransformMatrix {
          -1.000000,-0.000000,0.000691,0.000000,0.000000,1.000000,0.000000,0.000000,-0.000691,0.000000,-1.000000,0.000000,0.000000,0.000000,0.031325,1.000000;;
         }
        }
       }
      }

      Frame L_Knee {
       

       FrameTransformMatrix {
        0.880635,-0.000000,0.473797,0.000000,-0.000000,1.000000,0.000000,0.000000,-0.473797,0.000000,0.880635,0.000000,0.000000,-0.000000,-0.000000,1.000000;;
       }
      }

      Frame Bip01-LCalfTwist {
       

       FrameTransformMatrix {
        0.970136,-0.242561,-0.000000,0.000000,0.242561,0.970136,0.000000,0.000000,0.000000,0.000000,1.000000,0.000000,0.000000,0.000000,0.000000,1.000000;;
       }
      }
     }

     Frame L_Thigh {
      

      FrameTransformMatrix {
       0.960733,0.211482,-0.179631,0.000000,-0.254557,0.929384,-0.267293,0.000000,0.110418,0.302523,0.946725,0.000000,-0.000000,-0.000000,0.000000,1.000000;;
      }
     }
    }

    Frame Bip01-R-Thigh {
     

     FrameTransformMatrix {
      0.793509,-0.160575,-0.586992,0.000000,0.047835,-0.945119,0.323207,0.000000,-0.606676,-0.284546,-0.742279,0.000000,0.016017,-0.041494,-0.047718,1.000000;;
     }

     Frame Bip01-R-Calf {
      

      FrameTransformMatrix {
       0.592092,-0.000000,-0.805871,0.000000,-0.000000,1.000000,0.000000,0.000000,0.805871,-0.000000,0.592092,0.000000,-0.000000,0.000000,0.215237,1.000000;;
      }

      Frame Bip01-R-Foot {
       

       FrameTransformMatrix {
        0.939474,-0.342353,-0.013543,0.000000,0.308867,0.829151,0.465950,0.000000,-0.148290,-0.441931,0.884708,0.000000,-0.000000,0.000000,0.206229,1.000000;;
       }

       Frame Bip01-R-Toe0 {
        

        FrameTransformMatrix {
         -0.016750,-0.030836,0.999384,0.000000,-0.000499,0.999524,0.030832,0.000000,-0.999860,0.000018,-0.016757,0.000000,-0.034436,-0.000000,0.056746,1.000000;;
        }

        Frame Bip01-R-Toe0Nub {
         

         FrameTransformMatrix {
          1.000000,-0.000000,0.000000,0.000000,-0.000000,1.000000,0.000000,0.000000,0.000000,-0.000000,1.000000,0.000000,0.000000,-0.000000,0.031325,1.000000;;
         }
        }
       }
      }

      Frame R_Knee {
       

       FrameTransformMatrix {
        0.892209,0.000000,0.451623,0.000000,0.000000,1.000000,-0.000000,0.000000,-0.451623,0.000000,0.892209,0.000000,0.000000,0.000000,-0.000000,1.000000;;
       }
      }

      Frame Bip01-RCalfTwist {
       

       FrameTransformMatrix {
        0.984150,-0.177338,-0.000000,0.000000,0.177338,0.984150,-0.000000,0.000000,-0.000000,-0.000000,1.000000,0.000000,0.000000,0.000000,0.000000,1.000000;;
       }
      }
     }

     Frame R_Thigh {
      

      FrameTransformMatrix {
       0.940723,-0.058250,-0.334138,0.000000,0.107118,0.985746,0.129732,0.000000,0.321819,-0.157834,0.933553,0.000000,0.000000,0.000000,0.000000,1.000000;;
      }
     }
    }

    Frame Skirt_Dummy {
     

     FrameTransformMatrix {
      1.000000,0.000002,-0.000796,0.000000,0.000001,-1.000000,-0.000565,0.000000,-0.000796,0.000565,-1.000000,0.000000,-0.000027,-0.000000,-0.019569,1.000000;;
     }

     Frame Skirt_B_02 {
      

      FrameTransformMatrix {
       -0.998902,-0.000003,-0.046852,0.000000,0.000003,-1.000000,-0.000000,0.000000,-0.046853,-0.000000,0.998902,0.000000,-0.046345,-0.000000,-0.045328,1.000000;;
      }
     }

     Frame Skirt_B_03 {
      

      FrameTransformMatrix {
       0.993043,0.000002,-0.117752,0.000000,-0.000002,1.000000,-0.000000,0.000000,0.117752,0.000000,0.993043,0.000000,0.065618,0.000000,-0.018634,1.000000;;
      }
     }

     Frame Skirt_B_04 {
      

      FrameTransformMatrix {
       0.894527,0.300763,-0.330701,0.000000,-0.357572,0.925403,-0.125585,0.000000,0.268261,0.230589,0.935342,0.000000,0.050224,0.022451,-0.061263,1.000000;;
      }
     }

     Frame Skirt_B_05 {
      

      FrameTransformMatrix {
       0.894529,-0.300758,-0.330702,0.000000,0.357567,0.925405,0.125585,0.000000,0.268262,-0.230588,0.935342,0.000000,0.050224,-0.022450,-0.061263,1.000000;;
      }
     }

     Frame Skirt_B_06 {
      

      FrameTransformMatrix {
       -0.112118,-0.923671,-0.366417,0.000000,0.992300,-0.123602,0.007949,0.000000,-0.052632,-0.362704,0.930417,0.000000,0.000185,-0.061700,-0.058085,1.000000;;
      }
     }

     Frame Skirt_B_07 {
      

      FrameTransformMatrix {
       -0.112124,0.923671,-0.366417,0.000000,-0.992299,-0.123608,-0.007949,0.000000,-0.052635,0.362704,0.930417,0.000000,0.000185,0.061689,-0.058085,1.000000;;
      }
     }

     Frame Skirt_B_00 {
      

      FrameTransformMatrix {
       0.620603,0.744149,-0.247172,0.000000,-0.774370,0.631204,-0.043965,0.000000,0.123300,0.218687,0.967974,0.000000,0.042970,0.056935,-0.024543,1.000000;;
      }
     }

     Frame Skirt_B_08 {
      

      FrameTransformMatrix {
       -0.682487,0.705450,-0.191185,0.000000,-0.728365,-0.678198,0.097631,0.000000,-0.060788,0.205885,0.976687,0.000000,-0.020952,0.054118,-0.024351,1.000000;;
      }
     }

     Frame Skirt_B_09 {
      

      FrameTransformMatrix {
       -0.682483,-0.705454,-0.191185,0.000000,0.728369,-0.678194,-0.097631,0.000000,-0.060786,-0.205885,0.976687,0.000000,-0.020952,-0.054125,-0.024351,1.000000;;
      }
     }

     Frame Skirt_B_01 {
      

      FrameTransformMatrix {
       0.620608,-0.744146,-0.247172,0.000000,0.774367,0.631208,0.043965,0.000000,0.123301,-0.218687,0.967974,0.000000,0.042970,-0.056925,-0.024543,1.000000;;
      }
     }
    }
   }
  }
 }

 Frame FxBottom {
  

  FrameTransformMatrix {
   1.000000,0.000000,0.000000,0.000000,0.000000,1.000000,0.000000,0.000000,0.000000,0.000000,1.000000,0.000000,0.001139,-0.463187,-0.030341,1.000000;;
  }
 }
}

Frame Popori_F_H16_Body_Skel {
 

 FrameTransformMatrix {
  1.000000,0.000000,0.000000,0.000000,0.000000,1.000000,0.000000,0.000000,0.000000,0.000000,1.000000,0.000000,0.000000,0.000000,0.000000,1.000000;;
 }

 Mesh Popori_F_H16_Body_Skel {
  3824;
  0.013413;0.503397;-0.059665;,
  0.000000;0.499523;-0.015265;,
  0.019566;0.503214;-0.059691;,
  -0.070319;0.502943;-0.030115;,
  -0.073271;0.502671;-0.024035;,
  -0.064782;0.503292;-0.037013;,
  -0.057596;0.503476;-0.044349;,
  -0.075825;0.494786;-0.025333;,
  -0.076525;0.498939;-0.015374;,
  -0.075160;0.497741;-0.024383;,
  -0.072309;0.498098;-0.030442;,
  -0.073271;0.502671;-0.024035;,
  -0.067557;0.497705;-0.037999;,
  -0.059805;0.497533;-0.046760;,
  -0.049186;0.503450;-0.051524;,
  -0.072638;0.496061;-0.030882;,
  -0.075332;0.502190;-0.015201;,
  -0.076765;0.498872;-0.005321;,
  -0.077164;0.496776;-0.005420;,
  -0.076763;0.496387;-0.015643;,
  -0.075959;0.501330;-0.005117;,
  -0.073980;0.498141;0.005737;,
  -0.074132;0.496172;0.005550;,
  -0.040123;0.469600;-0.013045;,
  -0.073268;0.500289;0.005546;,
  -0.072309;0.498098;-0.030442;,
  -0.073873;0.493162;-0.030687;,
  -0.070495;0.489918;-0.038739;,
  -0.063996;0.484301;-0.048465;,
  -0.062632;0.489002;-0.048513;,
  -0.057197;0.482941;-0.055141;,
  -0.056522;0.484990;-0.055725;,
  -0.048640;0.480466;-0.063079;,
  -0.069305;0.493576;-0.038181;,
  -0.060691;0.494470;-0.047794;,
  -0.053737;0.491967;-0.054966;,
  -0.055838;0.487038;-0.055317;,
  -0.047679;0.484008;-0.062892;,
  -0.045977;0.489447;-0.061568;,
  -0.052001;0.496457;-0.054284;,
  -0.044075;0.495398;-0.059809;,
  -0.042091;0.503360;-0.054749;,
  -0.035916;0.503515;-0.057329;,
  -0.038085;0.494509;-0.063235;,
  -0.039538;0.487679;-0.066218;,
  -0.041272;0.481479;-0.067295;,
  -0.042037;0.477529;-0.067688;,
  -0.033474;0.479978;-0.070606;,
  -0.031671;0.486707;-0.069093;,
  -0.029671;0.493948;-0.065740;,
  -0.027486;0.503623;-0.059497;,
  -0.019566;0.503214;-0.059691;,
  -0.021377;0.493385;-0.066493;,
  -0.024975;0.485664;-0.070184;,
  -0.026415;0.478611;-0.071758;,
  -0.034141;0.475766;-0.070876;,
  -0.026989;0.474229;-0.072398;,
  -0.034759;0.471130;-0.070402;,
  -0.019895;0.484966;-0.070425;,
  -0.019921;0.477608;-0.072291;,
  -0.020301;0.472802;-0.072971;,
  -0.012902;0.476854;-0.071986;,
  -0.012770;0.484100;-0.070373;,
  -0.013094;0.492300;-0.066627;,
  -0.013413;0.503397;-0.059665;,
  -0.007980;0.503257;-0.059840;,
  -0.006923;0.483014;-0.069789;,
  -0.020793;0.466404;-0.072394;,
  -0.028040;0.464347;-0.070950;,
  -0.027624;0.468726;-0.071909;,
  -0.012873;0.471953;-0.072008;,
  -0.007402;0.476044;-0.070974;,
  -0.003963;0.482716;-0.069191;,
  -0.006018;0.491677;-0.066556;,
  0.000000;0.503377;-0.059994;,
  -0.000000;0.491369;-0.066251;,
  0.000000;0.482760;-0.069043;,
  -0.003120;0.475607;-0.070182;,
  -0.007260;0.471032;-0.070646;,
  -0.012903;0.465535;-0.071354;,
  -0.021208;0.460231;-0.070629;,
  -0.012975;0.458690;-0.069666;,
  -0.006994;0.464876;-0.070024;,
  -0.002843;0.470676;-0.069514;,
  0.000000;0.475189;-0.069828;,
  -0.006622;0.458917;-0.067924;,
  -0.002556;0.464819;-0.068220;,
  0.000000;0.470364;-0.068969;,
  -0.002425;0.459086;-0.065554;,
  0.000000;0.464937;-0.067502;,
  0.000000;0.459433;-0.063250;,
  -0.006582;0.452868;-0.063685;,
  -0.002206;0.453873;-0.060247;,
  -0.000000;0.456008;-0.059349;,
  -0.002041;0.451258;-0.057844;,
  0.000000;0.453776;-0.056097;,
  -0.001877;0.448352;-0.054375;,
  -0.000000;0.451204;-0.053042;,
  -0.001793;0.446866;-0.051795;,
  -0.000000;0.449009;-0.050535;,
  -0.001640;0.444635;-0.047389;,
  -0.005941;0.442520;-0.049374;,
  -0.006196;0.444803;-0.054068;,
  -0.006325;0.446316;-0.056920;,
  -0.006479;0.449480;-0.060134;,
  -0.012928;0.448686;-0.062262;,
  -0.013055;0.452521;-0.066294;,
  -0.022127;0.451688;-0.064926;,
  -0.029438;0.454081;-0.064135;,
  -0.022819;0.449125;-0.061017;,
  -0.014188;0.446034;-0.058747;,
  -0.012414;0.445786;-0.058548;,
  -0.015431;0.444831;-0.055472;,
  -0.011885;0.444211;-0.055120;,
  -0.010998;0.441994;-0.050573;,
  -0.014156;0.441543;-0.043246;,
  -0.017144;0.443006;-0.051143;,
  -0.040123;0.469600;-0.013045;,
  -0.023494;0.447047;-0.057064;,
  -0.029953;0.451802;-0.060843;,
  -0.005644;0.440953;-0.018288;,
  -0.004323;0.441433;-0.004993;,
  -0.006057;0.442758;-0.004746;,
  -0.007301;0.440845;-0.017678;,
  -0.006556;0.443472;-0.004902;,
  -0.010242;0.441517;-0.030557;,
  -0.009873;0.440980;-0.042525;,
  -0.006326;0.440709;-0.030216;,
  -0.001721;0.441780;-0.029813;,
  -0.001972;0.441079;-0.018785;,
  -0.001839;0.442672;-0.040449;,
  -0.006332;0.441098;-0.041939;,
  0.000000;0.446652;-0.046783;,
  0.000000;0.444092;-0.039840;,
  -0.000000;0.442241;-0.030313;,
  0.000000;0.441254;-0.019105;,
  0.000000;0.440719;-0.005118;,
  0.067487;0.566677;0.002506;,
  0.076018;0.557774;0.003019;,
  0.075121;0.562544;-0.002993;,
  0.082790;0.548765;0.003272;,
  0.080305;0.554017;-0.002738;,
  0.075428;0.557012;-0.007390;,
  0.069386;0.560193;-0.010431;,
  0.066147;0.564452;-0.008529;,
  0.063408;0.566414;-0.002907;,
  0.061994;0.567755;-0.000142;,
  0.059418;0.571049;0.001732;,
  0.059550;0.566226;-0.000572;,
  0.056978;0.569519;0.001305;,
  0.060963;0.564884;-0.003340;,
  0.063700;0.562922;-0.008966;,
  0.066934;0.558663;-0.010871;,
  0.066276;0.560277;-0.013265;,
  0.068726;0.561807;-0.012823;,
  0.066463;0.560802;-0.016245;,
  0.068912;0.562332;-0.015802;,
  0.073538;0.560933;-0.011666;,
  0.070961;0.559304;-0.015764;,
  0.072366;0.556960;-0.014737;,
  0.069910;0.555430;-0.015181;,
  0.071369;0.554503;-0.019738;,
  0.073826;0.556033;-0.019291;,
  0.075354;0.549579;-0.023291;,
  0.077816;0.551109;-0.022841;,
  0.068508;0.557775;-0.016208;,
  0.081885;0.555278;-0.012442;,
  0.083596;0.549397;-0.010894;,
  0.079413;0.549206;-0.024514;,
  0.083504;0.549744;-0.023927;,
  0.080863;0.547968;-0.027861;,
  0.086828;0.544466;-0.002825;,
  0.089325;0.538495;0.003382;,
  0.088488;0.546260;-0.013264;,
  0.081100;0.546715;-0.024492;,
  0.081800;0.545185;-0.022643;,
  0.085069;0.540102;-0.020474;,
  0.086256;0.537467;-0.017195;,
  0.089000;0.538385;-0.007520;,
  0.093041;0.535042;-0.002374;,
  0.093795;0.528323;0.003205;,
  0.088960;0.531452;-0.009702;,
  0.091470;0.535253;-0.013235;,
  0.090831;0.530646;-0.016986;,
  0.083777;0.535937;-0.017646;,
  0.082593;0.538572;-0.020926;,
  0.088345;0.529117;-0.017439;,
  0.086474;0.529922;-0.010152;,
  0.089560;0.524519;-0.006903;,
  0.092052;0.526049;-0.006452;,
  0.090353;0.521832;-0.001334;,
  0.092848;0.523362;-0.000884;,
  0.091030;0.520171;0.001080;,
  0.093527;0.521700;0.001530;,
  0.093123;0.516744;0.002218;,
  0.095623;0.518274;0.002670;,
  -0.067487;0.566677;0.002506;,
  -0.076018;0.557774;0.003019;,
  -0.073534;0.561618;0.009188;,
  -0.082790;0.548765;0.003272;,
  -0.078759;0.553119;0.009112;,
  -0.072804;0.555487;0.012712;,
  -0.066131;0.558300;0.014493;,
  -0.063414;0.562859;0.012413;,
  -0.062169;0.565691;0.006587;,
  -0.061486;0.567458;0.003755;,
  -0.059418;0.571049;0.001732;,
  -0.059041;0.565929;0.003327;,
  -0.056978;0.569519;0.001305;,
  -0.059722;0.564161;0.006160;,
  -0.060962;0.561329;0.011988;,
  -0.063673;0.556770;0.014065;,
  -0.062397;0.558024;0.016408;,
  -0.064853;0.559553;0.016833;,
  -0.061806;0.558096;0.019383;,
  -0.064263;0.559626;0.019806;,
  -0.069817;0.558767;0.016856;,
  -0.066305;0.556598;0.019884;,
  -0.067966;0.554406;0.018940;,
  -0.065503;0.552876;0.018513;,
  -0.065762;0.551254;0.023123;,
  -0.068227;0.552784;0.023549;,
  -0.068787;0.545785;0.026860;,
  -0.071259;0.547314;0.027289;,
  -0.063844;0.555068;0.019459;,
  -0.077785;0.552896;0.018981;,
  -0.079936;0.547277;0.017113;,
  -0.072406;0.545155;0.029032;,
  -0.076504;0.545693;0.029611;,
  -0.072971;0.543408;0.032436;,
  -0.085213;0.543532;0.009530;,
  -0.089325;0.538495;0.003382;,
  -0.084114;0.543730;0.020200;,
  -0.074085;0.542664;0.029091;,
  -0.075263;0.541412;0.027281;,
  -0.079068;0.536646;0.025312;,
  -0.081104;0.534503;0.022097;,
  -0.086221;0.536784;0.013696;,
  -0.091506;0.534159;0.009336;,
  -0.093795;0.528323;0.003205;,
  -0.085750;0.529610;0.014744;,
  -0.087199;0.532797;0.019338;,
  -0.085702;0.527704;0.022069;,
  -0.078619;0.532973;0.021658;,
  -0.076585;0.535116;0.024876;,
  -0.083210;0.526174;0.021627;,
  -0.083261;0.528080;0.014300;,
  -0.087181;0.523158;0.011185;,
  -0.089675;0.524688;0.011632;,
  -0.089432;0.521305;0.005666;,
  -0.091927;0.522835;0.006115;,
  -0.090740;0.520005;0.003285;,
  -0.093237;0.521535;0.003735;,
  -0.093123;0.516744;0.002218;,
  -0.095623;0.518274;0.002670;,
  -0.083596;0.549397;-0.010894;,
  -0.088488;0.546260;-0.013264;,
  -0.086828;0.544466;-0.002825;,
  -0.089001;0.538385;-0.007521;,
  -0.093041;0.535042;-0.002374;,
  -0.088960;0.531452;-0.009702;,
  -0.092052;0.526049;-0.006452;,
  -0.092848;0.523362;-0.000884;,
  -0.079413;0.549206;-0.024514;,
  -0.080863;0.547968;-0.027861;,
  -0.083504;0.549744;-0.023927;,
  -0.081100;0.546715;-0.024493;,
  -0.081800;0.545185;-0.022643;,
  -0.085069;0.540102;-0.020474;,
  -0.086257;0.537467;-0.017195;,
  -0.091470;0.535253;-0.013236;,
  -0.090831;0.530646;-0.016986;,
  -0.091030;0.520171;0.001080;,
  -0.090353;0.521832;-0.001334;,
  -0.089560;0.524519;-0.006903;,
  -0.086474;0.529922;-0.010152;,
  -0.088345;0.529117;-0.017439;,
  -0.083778;0.535937;-0.017646;,
  -0.082790;0.548765;0.003272;,
  -0.080305;0.554017;-0.002738;,
  -0.089325;0.538495;0.003382;,
  -0.093795;0.528323;0.003205;,
  -0.093527;0.521700;0.001530;,
  -0.093123;0.516744;0.002218;,
  -0.095623;0.518274;0.002670;,
  -0.068912;0.562332;-0.015802;,
  -0.073538;0.560933;-0.011666;,
  -0.068726;0.561807;-0.012823;,
